 word-000 क
character: middle 2-35
     00     
      0     
      0     
  000 0 000 
 0000 00000 
 00   000000
00    00  00
00    0    0
0     0    0
0    00    0
00   00   00
00  000   00
 000000   00
 000000  00 
   0  0  00 
      0  0  


character: lower 17-21
000000000000
000000000000
000000000000
000000000000
000000000000
000000000000
000000000000
000000000000
000000000000
  00000     
   000      
            
            
            
            
            


 word-001 ख
character: middle 6-41
   00     00
   0      00
   0    0000
   0   00000
0  0  00 000
0000  0   00
0000  0   00
 00   00  00
 0     00000
 0      0000
  0       00
  0       00
  00     000
   00  00000
    00000 00
     000    


 word-002 ग
character: middle 6-14
      000000
      000000
      000000
      000000
      000000
      000000
   000000000
000000000000
000000000000
000000000000
  0000000000
   000000000
     0000000
            
            
            


character: middle 21-26
000000000000
0000000000  
000000000   
000000000000
000000000   
000000000   
000000000000
000000000000
000000000   
000000000000
000000000000
000000000000
000000000   
000000000   
000000000   
000000000   


character: lower 21-25
000000000000
000000000000
000000000000
000000000000
000000000000
000000000000
000000000000
000000000000
000000000000
000000000000
000000000000
   000000000
            
            
            
            


 word-003 घ
character: middle 7-31
00        00
00        00
00        00
00        00
000       00
 000000   00
  00000   00
 000      00
 00       00
 0        00
00       000
 00     0000
 00    00000
  0000000000
  000000  00
    00    00


character: lower 27-31
000000000000
000000000000
000000000000
000000000000
000000000000
000000000000
000000000000
000000000000
000000000000
000000000000
            
            
            
            
            
            


 word-004 च
character: middle 1-27
          00
          00
          00
0000000   00
000000000 00
00000000  00
   000    00
   00     00
  00      00
  00     000
  00     000
  00     000
   00  00000
   000000 00
    00000 00
     00   00


character: lower 22-27
000000000000
000000000000
000000000000
000000000000
000000000000
000000000000
000000000000
000000000000
  0000000000
   000000000
    0000    
     00     
            
            
            
            


 word-005 छ
character: middle 6-37
00      00  
00       0  
00      00  
00     0000 
 0     00000
 0000  0  00
  000 00   0
 00   00   0
 00    0  00
 0     0  00
 0     0000 
 0      000 
 00     00  
 000  0000  
  000000    
    000     


 word-006 ज
character: middle 6-35
          00
          00
          00
     0000000
0    0000000
00    000000
00    00  00
00    00  00
 0     0  00
 0     00 00
 00    00 00
  0    00 00
  00   0  00
   00 00  00
   00000  00
    000   00


character: lower 31-35
000000000000
000000000000
000000000000
000000000000
000000000000
000000000000
000000000000
000000000000
000000000000
            
            
            
            
            
            
            


 word-007 झ
character: middle 6-36
     00   00
     00   00
 000000   00
0000000   00
00        00
00        00
 0  00    00
 00000000000
  0000000000
      00  00
      0   0 
00   00   0 
000000    0 
00000     0 
  000     0 
   000    0 


 word-008 ट
character: middle 1-25
        000 
         0  
         0  
   0000000  
  00000000  
 000        
 00         
00          
00          
 0          
 00         
 00         
  00       0
  0000  0000
    0000000 
      000   


 word-009 ठ
character: middle 5-30
        00  
        00  
        00  
   0000000  
  00000000  
 00      0  
 00      0  
00       00 
00        0 
00        00
 0        00
 00       00
  00     00 
  000   000 
   0000000  
     0000   


 word-010 ड
character: middle 6-32
         00 
         00 
    0000000 
    0000000 
   00       
   00       
    00      
0   000  00 
0    000000 
00    000000
 00       00
 00       00
  00      00
  0000   00 
   00000000 
     00000  


 word-011 ढ
character: middle 5-30
        00  
        00  
        00  
   0000000  
 000000000  
 000 0000   
 0          
00          
00     0000 
00    000000
 00   00  00
 00   00  00
 000  00  00
  000 000000
   00000000 
    000000  


 word-012 ण
character: middle 6-23
000      000
000      000
000      000
000      000
000      000
000      000
000      000
000      000
000      000
000      000
000      00 
 00     000 
  00    00  
  00000000  
   000000   
     00     


character: middle 28-32
000000000000
000000000000
000000000000
000000000000
000000000000
000000000000
000000000000
000000000000
000000000000
000000000000
000000000000
000000000000
000000000000
000000000000
000000000000
000000000000


 word-013 त
character: middle 2-26
          00
          00
          00
  0000000000
 00000000000
 00      000
00        00
00        00
00        00
 0        00
 00       00
 00       00
  00      00
   00     00
   000    00
          0 


 word-014 थ
character: upper 4-37
            
   0        
 0000  00000
00  00  00  
00   0  00  
00   0  00  
  0 00  00  
   00   00  
0000    00  
00      00  
 00   0000  
  00000 00  
        00  
        00  
        00  
            


 word-015 द
character: middle 6-29
         00 
         00 
        000 
  000000000 
 0000000000 
 000        
 0          
00          
00          
00          
 00      00 
 000     000
  000   0000
   0000 000 
    0000000 
      00000 


character: lower 24-28
000000000000
000000000000
000000000000
000000000000
000000000000
000000000000
  0000000000
   000000000
      000000
       00000
            
            
            
            
            
            


 word-016 ध
character: middle 4-30
00  00    00
00 000    00
00 00     00
00 00     00
 00       00
 00   0   00
  00000   00
  00000   00
  00      00
  0      000
 00      000
 00     0000
  00   00000
  0000000000
   00000  00
    00    0 


character: lower 25-30
000000000000
000000000000
000000000000
000000000000
000000000000
000000000000
0000000000  
0000000000  
  00000000  
   000000   
            
            
            
            
            
            


 word-017 न
character: middle 5-29
          00
          00
          00
          00
          00
          00
 00000000000
000000000000
000000000000
00000    000
 000      00
  00      0 
  00      00
  00      00
          00
          00


character: lower 24-29
000000000000
0000000000  
0000000000  
0000000000  
000000000000
000000000000
000000000000
0000000000  
000000000000
000000000000
000000000000
000000000   
     00     
            
            
            


 word-018 य
character: middle 1-25
   00     00
   00     00
    0     00
    00    00
    00    00
    00    00
   00     00
 0000     00
0000      00
000       00
00       000
 0       000
 00     0000
  0000000000
  0000000000
    0000  00


character: lower 20-25
000000000000
000000000000
000000000000
000000000000
000000000000
000000000000
000000000000
000000000000
000000000000
0000000000  
000000000   
  00000     
            
            
            
            


 word-019 र
character: middle 6-22
        0000
         000
         000
         000
00      0000
0000    0000
00000000000 
 000000000  
  0000      
   000      
    000     
     000    
      000   
      0000  
        0000
         000


 word-020 ल
character: middle 5-41
         0  
         0  
        00  
   0    00  
 00000 0000 
 00000000000
00   00   00
00   00    0
00   0     0
00   0     0
00        00
 0        00
 00       0 
 000     00 
  000   00  
   00       


 word-021 व
character: middle 5-26
         000
          00
          00
    0000  00
  000000  00
 0000000  00
 00       00
000       00
000       00
000      000
000      000
 00      000
 000    0000
 00000000000
   000000000
    0000 000


character: lower 22-26
000000000000
000000000000
000000000000
000000000000
000000000000
000000000000
000000000000
000000000000
000000000000
000000000000
000000000   
            
            
            
            
            


 word-022 श
character: middle 8-23
   0000     
    000     
   0000     
 00000000   
00000000000 
 0      0000
         000
         000
        0000
  00   0000 
 000000000  
 00000000   
    00000   
      0000  
       0000 
         0  


character: middle 28-33
000000000000
000000000000
000000000000
000000000000
000000000000
000000000000
000000000000
000000000   
000000000000
000000000000
000000000000
000000000000
000000000   
000000000   
000000000   
000000000   


 word-023 स
character: middle 5-34
    00    00
    00    00
    00    00
    00    00
0   00    00
00  00    00
 00000000000
 00000000000
  00      00
  00      00
   00     00
   00     00
    00    00
    00    00
     00   00
     00   00


 word-024 ह
character: middle 6-28
        000 
        000 
  000000000 
 0000000000 
000         
 00         
 00000000   
  00000000  
 0000   000 
 00      000
000      000
000      00 
 00         
  00        
   000000   
     00000  


 word-025 ळ
character: middle 6-38
        00  
        0   
        0   
  00   000  
 0000  0000 
 0000000000 
00  000   00
00   00   00
0    00   00
0    00   00
0    00   00
0    00   00
00  000   00
00  0000  0 
 0000  0000 
  00    00  


 word-026 ज्ञ
character: middle 6-34
          00
          00
 00000000000
 00000000000
00        00
 0        00
 00       00
  000000  00
   00 00  00
      00  00
 0    00  00
000  000  00
0000000   00
 0000     00
   00     00
   000      


